SampleID n_geno_missing n_het_total n_hom_total n_het_covered n_hom_covered n_het_consistent n_hom_consistent perc_het_consistent perc_hom_consistent n_het_in_ase
HG00096 0 23764 61721 175 499 91 333 0 0 29
HG00097 0 26639 58846 193 481 93 317 0 0 23
HG00099 0 27672 57813 216 458 93 294 0 0 26
HG00100 0 28267 57218 243 431 107 281 0 0 24
HG00101 0 28870 56615 251 423 112 278 0 0 38
HG00102 0 29858 55627 227 447 108 298 0 0 31
HG00103 0 29342 56143 241 433 111 287 0 0 32
HG00105 0 28008 57477 192 482 93 318 0 0 20
HG00106 0 26046 59439 190 484 90 317 0 0 30
HG00108 0 25408 60077 205 469 85 297 0 0 31
HG00109 0 27789 57696 206 468 95 306 0 0 23
HG00110 0 29488 55997 220 454 109 306 0 0 25
HG00111 0 27734 57751 177 497 67 307 0 0 26
HG00112 0 27533 57952 225 449 115 307 0 0 25
HG00114 0 26233 59252 210 464 91 298 0 0 20
HG00115 0 28379 57106 243 431 121 295 0 0 31
HG00116 0 26317 59168 193 481 96 320 0 0 26
HG00117 0 20171 65314 134 540 62 345 0 0 13
HG00118 0 28262 57223 248 426 115 284 0 0 32
HG00119 0 27809 57676 240 434 100 277 0 0 26
HG00120 0 23580 61905 165 509 75 327 0 0 25
HG00121 0 26434 59051 213 461 108 312 0 0 28
HG00122 0 31565 53920 237 437 114 294 0 0 33
HG00123 0 25896 59589 198 476 103 322 0 0 20
HG00125 0 26167 59318 215 459 97 299 0 0 27
HG00126 0 23861 61624 193 481 76 300 0 0 19
HG00127 0 26436 59049 226 448 118 309 0 0 28
HG00128 0 27519 57966 215 459 90 292 0 0 23
HG00129 0 26937 58548 163 511 87 341 0 0 23
HG00130 0 26828 58657 196 478 112 333 0 0 30
HG00131 0 29610 55875 236 438 108 289 0 0 25
HG00132 0 30833 54652 255 419 123 285 0 0 26
HG00133 0 26543 58942 188 486 91 320 0 0 26
HG00136 0 27552 57933 235 439 106 288 0 0 30
HG00137 0 28571 56914 254 420 115 278 0 0 26
HG00138 0 26330 59155 208 466 79 288 0 0 21
HG00139 0 26109 59376 199 475 93 311 0 0 27
HG00141 0 30815 54670 226 448 101 292 0 0 31
HG00142 0 25783 59702 197 477 97 317 0 0 29
HG00143 0 28194 57291 200 474 98 315 0 0 28
HG00145 0 25582 59903 224 450 82 275 0 0 27
HG00146 0 29969 55516 214 460 91 294 0 0 26
HG00148 0 28568 56917 215 459 93 295 0 0 32
HG00149 0 29922 55563 230 444 88 275 0 0 20
HG00150 0 27838 57647 204 470 73 286 0 0 23
HG00151 0 25795 59690 177 497 76 316 0 0 22
HG00154 0 26793 58692 240 434 105 282 0 0 24
HG00155 0 27858 57627 234 440 104 287 0 0 23
HG00157 0 25638 59847 187 487 73 303 0 0 20
HG00158 0 27927 57558 237 437 90 270 0 0 26
HG00159 0 26564 58921 197 477 76 296 0 0 18
HG00160 0 25406 60079 208 466 89 298 0 0 29
HG00171 0 28271 57214 246 428 102 273 0 0 29
HG00173 0 27745 57740 201 473 93 309 0 0 22
HG00174 0 27480 58005 226 448 113 304 0 0 26
HG00176 0 28574 56911 213 461 98 302 0 0 25
HG00177 0 25209 60276 168 506 76 325 0 0 21
HG00178 0 28951 56534 235 439 78 260 0 0 19
HG00179 0 27762 57723 209 465 100 308 0 0 22
HG00180 0 27298 58187 276 398 120 261 0 0 35
HG00181 0 29985 55500 261 413 118 274 0 0 30
HG00182 0 27821 57664 248 426 101 270 0 0 32
HG00183 0 27446 58039 224 450 112 305 0 0 27
HG00185 0 29158 56327 234 440 103 286 0 0 23
HG00186 0 27155 58330 183 491 92 326 0 0 25
HG00187 0 27471 58014 210 464 109 316 0 0 32
HG00188 0 27850 57635 230 444 88 275 0 0 26
HG00189 0 30031 55454 268 406 107 256 0 0 32
HG00231 0 28559 56926 234 440 89 272 0 0 24
HG00232 0 25884 59601 185 489 107 339 0 0 21
HG00233 0 28623 56862 227 447 111 301 0 0 25
HG00234 0 29821 55664 228 446 99 288 0 0 27
HG00235 0 27662 57823 204 470 87 300 0 0 24
HG00236 0 27949 57536 214 460 100 303 0 0 29
HG00238 0 28766 56719 244 430 96 269 0 0 25
HG00239 0 27398 58087 214 460 85 288 0 0 24
HG00240 0 27599 57886 239 435 113 291 0 0 30
HG00242 0 27435 58050 218 456 103 302 0 0 31
HG00243 0 27631 57854 230 444 97 284 0 0 31
HG00244 0 27771 57714 213 461 111 315 0 0 31
HG00245 0 27526 57959 218 456 102 301 0 0 26
HG00246 0 29068 56417 240 434 125 302 0 0 31
HG00250 0 29250 56235 229 445 99 287 0 0 32
HG00251 0 27374 58111 182 492 70 305 0 0 20
HG00252 0 26709 58776 182 492 91 326 0 0 21
HG00253 0 29081 56404 218 456 106 305 0 0 28
HG00255 0 30053 55432 247 427 115 285 0 0 40
HG00256 0 28965 56520 196 478 89 310 0 0 19
HG00257 0 29506 55979 256 418 106 267 0 0 31
HG00258 0 26612 58873 202 472 81 296 0 0 23
HG00259 0 26360 59125 202 472 86 301 0 0 27
HG00260 0 28367 57118 212 462 89 294 0 0 27
HG00261 0 25736 59749 199 475 97 315 0 0 19
HG00262 0 26790 58695 210 464 89 296 0 0 24
HG00263 0 28805 56680 199 475 94 312 0 0 33
HG00264 0 26246 59239 200 474 104 321 0 0 27
HG00265 0 28226 57259 216 458 94 295 0 0 28
HG00266 0 28109 57376 209 465 97 305 0 0 27
HG00267 0 28001 57484 211 463 103 309 0 0 20
HG00268 0 27342 58143 215 459 86 288 0 0 31
HG00269 0 25836 59649 203 471 99 313 0 0 26
HG00271 0 28132 57353 212 462 85 290 0 0 22
HG00272 0 27151 58334 215 459 94 296 0 0 29
HG00273 0 28376 57109 225 449 87 279 0 0 32
HG00274 0 27899 57586 242 432 111 286 0 0 35
HG00275 0 29947 55538 231 443 115 301 0 0 28
HG00276 0 29153 56332 240 434 94 271 0 0 27
HG00277 0 27462 58023 212 462 100 305 0 0 25
HG00278 0 25350 60135 218 456 102 301 0 0 22
HG00280 0 28274 57211 224 450 109 302 0 0 28
HG00281 0 28969 56516 230 444 97 284 0 0 34
HG00282 0 27762 57723 215 459 91 293 0 0 33
HG00284 0 25430 60055 180 494 68 305 0 0 21
HG00285 0 28332 57153 209 465 105 313 0 0 26
HG00306 0 27041 58444 238 436 90 269 0 0 26
HG00308 0 25911 59574 202 472 95 310 0 0 22
HG00309 0 28492 56993 247 427 104 274 0 0 24
HG00310 0 28403 57082 205 469 97 309 0 0 29
HG00311 0 29082 56403 282 392 129 264 0 0 35
HG00313 0 26698 58787 176 498 81 322 0 0 22
HG00315 0 28313 57172 199 475 81 299 0 0 19
HG00319 0 26723 58762 186 488 97 328 0 0 20
HG00320 0 28025 57460 208 466 97 306 0 0 25
HG00321 0 25816 59669 207 467 100 310 0 0 23
HG00323 0 28693 56792 266 408 121 272 0 0 33
HG00324 0 28618 56867 238 436 106 285 0 0 35
HG00325 0 25111 60374 180 494 69 306 0 0 22
HG00326 0 26915 58570 205 469 109 321 0 0 25
HG00327 0 27477 58008 187 487 91 321 0 0 18
HG00328 0 24735 60750 193 481 88 312 0 0 32
HG00329 0 28612 56873 242 432 100 275 0 0 26
HG00330 0 27497 57988 224 450 97 290 0 0 27
HG00331 0 28465 57020 200 474 119 336 0 0 23
HG00332 0 25470 60015 204 470 85 298 0 0 27
HG00334 0 27733 57752 220 454 116 313 0 0 24
HG00335 0 28991 56494 190 484 84 311 0 0 21
HG00336 0 28649 56836 239 435 110 288 0 0 34
HG00337 0 29185 56300 255 419 114 276 0 0 27
HG00338 0 27216 58269 239 435 111 289 0 0 36
HG00339 0 27237 58248 215 459 100 302 0 0 26
HG00341 0 26764 58721 186 488 100 331 0 0 21
HG00342 0 27117 58368 202 472 88 303 0 0 22
HG00343 0 28434 57051 236 438 109 290 0 0 31
HG00344 0 28173 57312 214 460 77 280 0 0 20
HG00345 0 26400 59085 164 510 79 332 0 0 17
HG00346 0 27375 58110 242 432 113 288 0 0 32
HG00349 0 27582 57903 186 488 73 304 0 0 14
HG00350 0 27624 57861 201 473 83 299 0 0 24
HG00351 0 28483 57002 198 476 102 321 0 0 22
HG00353 0 27515 57970 202 472 81 296 0 0 19
HG00355 0 26794 58691 208 466 94 303 0 0 27
HG00356 0 27633 57852 212 462 91 296 0 0 22
HG00358 0 22387 63098 126 548 50 341 0 0 10
HG00360 0 28327 57158 239 435 104 282 0 0 25
HG00361 0 28589 56896 223 451 97 291 0 0 34
HG00362 0 30370 55115 229 445 108 296 0 0 24
HG00364 0 26616 58869 193 481 95 319 0 0 21
HG00365 0 27857 57628 226 448 97 288 0 0 28
HG00366 0 27630 57855 196 478 89 310 0 0 26
HG00367 0 27679 57806 182 492 83 318 0 0 22
HG00369 0 26408 59077 188 486 72 301 0 0 29
HG00371 0 26114 59371 171 503 77 323 0 0 24
HG00372 0 27202 58283 241 433 96 272 0 0 31
HG00373 0 25816 59669 186 488 92 323 0 0 23
HG00375 0 25386 60099 184 490 85 318 0 0 27
HG00376 0 26526 58959 232 442 114 299 0 0 27
HG00378 0 28698 56787 228 446 105 294 0 0 33
HG00379 0 29765 55720 253 421 127 291 0 0 29
HG00380 0 30178 55307 251 423 107 273 0 0 30
HG00381 0 27339 58146 213 461 204 408 0 0 28
HG00382 0 26166 59319 227 447 101 291 0 0 36
HG00383 0 27748 57737 245 429 108 280 0 0 23
HG00384 0 29297 56188 235 439 104 286 0 0 28
HG01334 0 26794 58691 239 435 101 279 0 0 34
HG01789 0 28412 57073 221 453 99 295 0 0 25
HG01790 0 29052 56433 232 442 103 288 0 0 30
HG01791 0 28025 57460 207 467 95 305 0 0 21
HG02215 0 27847 57638 196 478 83 304 0 0 27
NA06984 0 26751 58734 191 483 93 319 0 0 20
NA06985 0 28825 56660 234 440 99 282 0 0 23
NA06986 0 26546 58939 192 482 108 333 0 0 30
NA06989 0 28129 57356 229 445 95 283 0 0 34
NA06994 0 25087 60398 169 505 62 310 0 0 20
NA07037 0 30136 55349 227 447 98 288 0 0 27
NA07048 0 25703 59782 186 488 84 315 0 0 25
NA07051 0 28710 56775 176 498 77 318 0 0 23
NA07056 0 26998 58487 234 440 96 279 0 0 27
NA07347 0 28861 56624 235 439 89 271 0 0 29
NA07357 0 27577 57908 218 456 88 287 0 0 24
NA10847 0 27500 57985 203 471 103 317 0 0 33
NA10851 0 28749 56736 221 453 94 290 0 0 21
NA11829 0 27288 58197 204 470 75 288 0 0 21
NA11830 0 28145 57340 258 416 104 263 0 0 25
NA11831 0 26727 58758 212 462 107 312 0 0 30
NA11832 0 28288 57197 252 422 96 261 0 0 28
NA11840 0 28382 57103 209 465 85 293 0 0 21
NA11843 0 27938 57547 230 444 108 295 0 0 33
NA11881 0 28495 56990 226 448 116 307 0 0 31
NA11892 0 30131 55354 251 423 108 274 0 0 23
NA11893 0 27082 58403 203 471 94 308 0 0 21
NA11894 0 28680 56805 240 434 122 299 0 0 35
NA11918 0 27858 57627 225 449 78 270 0 0 23
NA11920 0 28859 56626 225 449 96 288 0 0 23
NA11930 0 27747 57738 193 481 91 315 0 0 26
NA11931 0 29923 55562 240 434 121 298 0 0 25
NA11992 0 28486 56999 248 426 114 283 0 0 26
NA11994 0 25961 59524 166 508 74 325 0 0 20
NA11995 0 28156 57329 236 438 102 283 0 0 30
NA12004 0 29123 56362 214 460 106 309 0 0 32
NA12005 0 26687 58798 188 486 96 325 0 0 22
NA12006 0 28211 57274 192 482 80 305 0 0 21
NA12043 0 27316 58169 223 451 85 279 0 0 23
NA12044 0 25264 60221 190 484 86 313 0 0 21
NA12045 0 28203 57282 215 459 120 322 0 0 30
NA12058 0 26784 58701 217 457 92 292 0 0 23
NA12144 0 28215 57270 213 461 93 297 0 0 30
NA12154 0 27052 58433 211 463 89 295 0 0 22
NA12155 0 27602 57883 209 465 86 294 0 0 25
NA12156 0 27461 58024 185 489 100 332 0 0 18
NA12234 0 28354 57131 212 462 91 296 0 0 24
NA12249 0 26624 58861 212 462 90 295 0 0 22
NA12272 0 26521 58964 217 457 94 294 0 0 22
NA12273 0 26440 59045 178 496 64 303 0 0 22
NA12275 0 28274 57211 260 414 122 279 0 0 30
NA12282 0 25273 60212 199 475 93 311 0 0 29
NA12283 0 28571 56914 235 439 102 284 0 0 29
NA12286 0 29247 56238 215 459 111 313 0 0 35
NA12287 0 27616 57869 194 480 98 321 0 0 23
NA12340 0 25109 60376 228 446 108 297 0 0 25
NA12341 0 24966 60519 233 441 116 300 0 0 31
NA12342 0 25929 59556 213 461 104 308 0 0 20
NA12347 0 27584 57901 226 448 97 288 0 0 29
NA12348 0 27653 57832 222 452 103 298 0 0 27
NA12383 0 28674 56811 219 455 86 284 0 0 28
NA12399 0 28073 57412 271 403 110 256 0 0 32
NA12400 0 28371 57114 213 461 77 281 0 0 27
NA12413 0 27712 57773 167 507 65 315 0 0 22
NA12489 0 28002 57483 240 434 120 297 0 0 29
NA12546 0 27976 57509 215 459 84 286 0 0 23
NA12716 0 27955 57530 212 462 114 319 0 0 26
NA12717 0 26352 59133 216 458 95 296 0 0 27
NA12718 0 26280 59205 209 465 85 293 0 0 22
NA12749 0 25977 59508 206 468 99 310 0 0 21
NA12750 0 28297 57188 226 448 89 280 0 0 20
NA12751 0 26825 58660 265 409 134 286 0 0 37
NA12760 0 28198 57287 240 434 103 280 0 0 27
NA12761 0 28299 57186 195 479 94 316 0 0 18
NA12762 0 29257 56228 204 470 72 285 0 0 25
NA12763 0 26828 58657 223 451 106 300 0 0 27
NA12775 0 27473 58012 210 464 80 287 0 0 22
NA12776 0 26866 58619 240 434 90 267 0 0 30
NA12777 0 27572 57913 187 487 76 306 0 0 20
NA12778 0 29356 56129 238 436 117 296 0 0 29
NA12812 0 28278 57207 206 468 85 296 0 0 25
NA12813 0 28308 57177 215 459 109 311 0 0 30
NA12814 0 27330 58155 216 458 95 296 0 0 20
NA12815 0 29197 56288 212 462 90 295 0 0 25
NA12827 0 25747 59738 204 470 101 314 0 0 27
NA12829 0 28796 56689 219 455 83 281 0 0 29
NA12830 0 27329 58156 176 498 78 319 0 0 22
NA12842 0 28549 56936 245 429 122 294 0 0 32
NA12843 0 28211 57274 221 453 115 311 0 0 24
NA12872 0 28007 57478 200 474 92 309 0 0 24
NA12873 0 25124 60361 167 507 60 310 0 0 16
NA12874 0 27923 57562 206 468 93 304 0 0 25
NA12889 0 28742 56743 269 405 105 253 0 0 31
NA12890 0 26031 59454 210 464 93 300 0 0 27
NA20502 0 27615 57870 221 453 89 285 0 0 27
NA20503 0 26968 58517 198 476 96 315 0 0 23
NA20504 0 26745 58740 164 510 63 316 0 0 20
NA20505 0 30118 55367 233 441 87 271 0 0 24
NA20506 0 26823 58662 198 476 88 307 0 0 25
NA20507 0 28566 56919 194 480 71 294 0 0 24
NA20508 0 27841 57644 207 467 79 289 0 0 23
NA20509 0 27749 57736 221 453 92 288 0 0 24
NA20510 0 28919 56566 227 447 90 280 0 0 25
NA20512 0 27788 57697 235 439 119 301 0 0 26
NA20513 0 27157 58328 211 463 78 284 0 0 23
NA20514 0 26648 58837 196 478 87 308 0 0 16
NA20515 0 27133 58352 253 421 101 265 0 0 19
NA20516 0 27619 57866 186 488 86 317 0 0 29
NA20517 0 27579 57906 187 487 75 305 0 0 16
NA20518 0 28330 57155 225 449 91 283 0 0 25
NA20519 0 28196 57289 245 429 111 283 0 0 33
NA20520 0 28155 57330 241 433 107 283 0 0 25
NA20521 0 28601 56884 197 477 88 308 0 0 22
NA20524 0 27640 57845 222 452 103 298 0 0 26
NA20525 0 29462 56023 276 398 128 269 0 0 32
NA20527 0 26010 59475 199 475 108 326 0 0 27
NA20528 0 29489 55996 261 413 112 268 0 0 30
NA20529 0 26791 58694 213 461 99 303 0 0 26
NA20530 0 27445 58040 180 494 71 308 0 0 25
NA20531 0 27906 57579 235 439 109 291 0 0 30
NA20532 0 27846 57639 245 429 110 282 0 0 31
NA20534 0 27501 57984 171 503 78 324 0 0 25
NA20535 0 27370 58115 261 413 100 256 0 0 26
NA20536 0 26985 58500 208 466 95 304 0 0 26
NA20538 0 28405 57080 225 449 107 299 0 0 33
NA20539 0 28514 56971 236 438 117 298 0 0 28
NA20540 0 27579 57906 224 450 111 304 0 0 32
NA20541 0 28607 56878 259 415 110 268 0 0 32
NA20542 0 27839 57646 169 505 80 328 0 0 20
NA20543 0 26927 58558 172 502 86 331 0 0 29
NA20544 0 29858 55627 215 459 104 306 0 0 29
NA20581 0 28471 57014 235 439 112 294 0 0 28
NA20582 0 27881 57604 242 432 114 289 0 0 34
NA20585 0 25532 59953 196 478 69 290 0 0 17
NA20586 0 27122 58363 226 448 104 295 0 0 26
NA20588 0 28553 56932 192 482 58 283 0 0 17
NA20589 0 30611 54874 256 418 114 275 0 0 40
NA20752 0 29729 55756 249 425 122 290 0 0 29
NA20754 0 26762 58723 223 451 93 287 0 0 33
NA20756 0 28578 56907 242 432 92 267 0 0 30
NA20757 0 26794 58691 176 498 84 325 0 0 28
NA20758 0 28061 57424 207 467 101 311 0 0 32
NA20759 0 25472 60013 181 493 70 306 0 0 25
NA20760 0 28439 57046 237 437 116 296 0 0 37
NA20761 0 27685 57800 240 434 101 278 0 0 30
NA20765 0 27750 57735 183 491 101 335 0 0 24
NA20766 0 27905 57580 196 478 85 306 0 0 22
NA20768 0 28082 57403 186 488 96 327 0 0 21
NA20769 0 30427 55058 249 425 113 281 0 0 31
NA20770 0 30670 54815 260 414 130 287 0 0 38
NA20771 0 28952 56533 226 448 93 284 0 0 27
NA20772 0 26586 58899 204 470 70 283 0 0 22
NA20773 0 28046 57439 216 458 89 290 0 0 24
NA20774 0 27826 57659 192 482 82 307 0 0 23
NA20778 0 28107 57378 191 483 76 302 0 0 21
NA20783 0 28278 57207 212 462 89 294 0 0 24
NA20785 0 30716 54769 228 446 107 296 0 0 34
NA20786 0 27047 58438 242 432 83 258 0 0 32
NA20787 0 27867 57618 238 436 96 275 0 0 30
NA20790 0 25331 60154 214 460 96 299 0 0 19
NA20792 0 25979 59506 217 457 85 285 0 0 31
NA20795 0 28801 56684 234 440 92 275 0 0 29
NA20796 0 29862 55623 261 413 114 270 0 0 36
NA20797 0 27589 57896 235 439 104 286 0 0 26
NA20798 0 30527 54958 285 389 126 258 0 0 37
NA20799 0 26516 58969 219 455 110 308 0 0 28
NA20800 0 25533 59952 212 462 97 302 0 0 25
NA20801 0 27850 57635 204 470 98 311 0 0 26
NA20802 0 25913 59572 168 506 74 323 0 0 13
NA20803 0 26937 58548 282 392 132 267 0 0 37
NA20804 0 29411 56074 226 448 101 292 0 0 35
NA20805 0 31411 54074 260 414 99 256 0 0 32
NA20806 0 27200 58285 206 468 93 304 0 0 24
NA20807 0 30666 54819 250 424 122 289 0 0 37
NA20808 0 27389 58096 219 455 99 297 0 0 22
NA20809 0 28413 57072 248 426 98 267 0 0 32
NA20810 0 29252 56233 218 456 97 296 0 0 30
NA20811 0 29359 56126 217 457 82 282 0 0 29
NA20812 0 29029 56456 273 401 115 259 0 0 34
NA20813 0 26665 58820 206 468 83 294 0 0 26
NA20814 0 27073 58412 178 496 74 313 0 0 28
NA20815 0 28158 57327 226 448 102 293 0 0 28
NA20819 0 28062 57423 214 460 93 296 0 0 23
NA20826 0 27735 57750 217 457 86 286 0 0 32
NA20828 0 28903 56582 223 451 89 283 0 0 26
